bulbasaur,13,43,73,102,132,162,191,221,250,280,308,336,364,392,420,448,476,504,532,560,588,617,645,673,701,729,757,785,813,841,855,869,883,897,911
ivysaur,21,68,115,162,209,256,303,349,396,443,487,532,576,620,665,709,753,798,842,886,931,975,1019,1064,1108,1153,1197,1241,1286,1330,1352,1374,1396,1419,1441
venusaur,36,113,191,268,346,423,501,579,656,734,807,880,954,1027,1100,1174,1247,1320,1394,1467,1541,1614,1687,1761,1834,1908,1981,2054,2128,2201,2238,2275,2311,2348,2385
charmander,11,36,61,87,112,137,162,187,212,237,261,285,308,332,356,380,403,427,451,475,498,522,546,570,593,617,641,665,688,712,724,736,748,760,771
charmeleon,20,65,110,155,200,244,289,334,379,424,466,508,551,593,636,678,720,763,805,847,890,932,975,1017,1060,1102,1144,1187,1229,1272,1293,1314,1335,1356,1378
charizard,38,119,200,281,362,443,524,605,686,767,844,921,997,1074,1151,1228,1304,1381,1458,1535,1611,1688,1765,1842,1918,1995,2072,2149,2226,2302,2341,2379,2417,2456,2494
squirtle,11,35,60,84,109,133,157,182,206,231,254,277,300,323,346,369,392,415,439,462,485,508,531,554,577,600,623,646,670,693,704,716,727,739,750
wartortle,18,58,98,138,178,218,258,298,338,378,416,454,491,529,567,605,643,681,718,756,794,832,870,908,945,983,1021,1059,1097,1135,1154,1172,1191,1210,1229
blastoise,32,101,170,239,309,378,447,516,585,655,720,785,851,916,982,1047,1113,1178,1244,1309,1375,1440,1506,1571,1637,1702,1768,1833,1899,1964,1997,2030,2062,2095,2128
caterpie,10,17,29,41,53,64,76,88,100,112,123,134,146,157,168,179,190,202,213,224,235,247,258,269,280,292,303,314,325,336,342,348,353,359,365
metapod,10,18,31,43,56,69,81,94,107,119,131,143,155,167,179,191,203,215,227,239,251,263,275,287,299,311,323,335,347,359,365,371,377,383,389
butterfree,24,75,126,178,229,280,332,383,434,486,534,583,632,680,729,777,826,875,923,972,1020,1069,1118,1166,1215,1264,1312,1361,1410,1458,1482,1507,1531,1555,1580
weedle,10,17,29,41,53,65,77,89,101,113,124,136,147,158,170,181,192,204,215,227,238,249,261,272,283,295,306,317,329,340,346,351,357,363,368
kakuna,10,17,29,41,52,64,76,88,100,112,123,134,145,156,168,179,190,201,212,224,235,246,257,269,280,291,302,313,325,336,341,347,353,358,364
beedrill,25,78,132,186,239,293,347,400,454,508,558,609,660,711,761,812,863,914,964,1015,1066,1117,1168,1218,1269,1320,1371,1422,1472,1523,1549,1574,1599,1625,1650
pidgey,10,25,43,60,78,95,113,130,148,165,182,199,215,232,248,265,282,298,315,331,348,365,381,398,414,431,448,464,481,497,506,514,522,530,539
pidgeotto,15,48,80,113,146,179,211,244,277,310,341,372,403,434,465,496,527,558,589,620,651,682,713,744,775,806,837,868,899,930,946,961,977,992,1008
pidgeot,28,88,148,208,269,329,389,449,509,570,627,684,740,797,854,911,968,1025,1082,1139,1196,1253,1310,1367,1424,1481,1538,1595,1652,1709,1738,1766,1795,1823,1852
rattata,10,26,43,61,79,97,114,132,150,168,184,201,218,235,252,269,285,302,319,336,353,369,386,403,420,437,453,470,487,504,512,521,529,538,546
raticate,21,68,115,162,209,255,302,349,396,442,487,531,575,619,664,708,752,796,841,885,929,974,1018,1062,1106,1151,1195,1239,1284,1328,1350,1372,1394,1416,1439
spearow,10,29,50,70,90,111,131,151,172,192,211,231,250,269,288,308,327,346,365,385,404,423,442,462,481,500,519,539,558,577,587,596,606,616,625
fearow,25,80,135,189,244,299,354,409,463,518,570,622,674,725,777,829,881,933,985,1036,1088,1140,1192,1244,1296,1348,1399,1451,1503,1555,1581,1607,1633,1659,1685
ekans,11,34,58,81,105,128,152,175,199,222,244,266,289,311,333,355,378,400,422,444,467,489,511,533,556,578,600,622,645,667,678,689,700,711,722
arbok,24,77,129,181,234,286,339,391,444,496,546,595,645,694,744,794,843,893,943,992,1042,1091,1141,1191,1240,1290,1340,1389,1439,1489,1513,1538,1563,1588,1613
pikachu,11,34,58,82,106,130,153,177,201,225,247,270,292,315,337,360,382,405,427,450,472,495,517,540,562,585,607,630,652,675,686,697,708,720,731
raichu,28,89,150,212,273,334,395,456,517,578,636,694,752,810,867,925,983,1041,1099,1157,1215,1272,1330,1388,1446,1504,1562,1620,1678,1735,1764,1793,1822,1851,1880
sandshrew,16,52,89,125,161,197,233,269,305,341,375,409,443,477,512,546,580,614,648,682,716,750,785,819,853,887,921,955,989,1023,1041,1058,1075,1092,1109
sandslash,32,103,173,243,314,384,454,524,595,665,731,798,864,931,997,1064,1130,1197,1263,1330,1396,1463,1529,1596,1663,1729,1796,1862,1929,1995,2028,2062,2095,2128,2161
nidoranf,10,32,54,77,99,121,143,165,188,210,231,252,273,294,315,336,357,378,399,420,441,462,483,504,525,547,568,589,610,631,641,652,662,673,683
nidorina,17,54,90,127,164,201,237,274,311,348,383,417,452,487,522,557,592,626,661,696,731,766,800,835,870,905,940,975,1009,1044,1062,1079,1096,1114,1131
nidoqueen,33,103,174,244,315,385,456,527,597,668,735,801,868,935,1002,1068,1135,1202,1269,1336,1402,1469,1536,1603,1670,1736,1803,1870,1937,2004,2037,2071,2104,2137,2171
nidoranm,10,32,55,77,99,122,144,166,189,211,232,253,274,295,316,338,359,380,401,422,443,464,486,507,528,549,570,591,612,633,644,655,665,676,686
nidorino,17,55,93,131,168,206,244,282,320,357,393,429,465,500,536,572,608,644,679,715,751,787,822,858,894,930,966,1001,1037,1073,1091,1109,1127,1144,1162
nidoking,33,105,177,249,321,393,465,538,610,682,750,818,886,954,1022,1091,1159,1227,1295,1363,1431,1500,1568,1636,1704,1772,1841,1909,1977,2045,2079,2113,2148,2182,2216
clefairy,15,48,80,113,146,179,212,244,277,310,341,372,403,434,465,496,527,558,589,620,651,682,713,744,775,806,837,868,899,930,946,961,977,992,1008
clefable,33,104,175,246,317,388,459,530,601,672,739,807,874,941,1008,1076,1143,1210,1277,1344,1412,1479,1546,1614,1681,1748,1815,1883,1950,2017,2051,2084,2118,2152,2185
vulpix,10,34,57,81,104,127,151,174,197,221,243,265,287,309,331,353,375,398,420,442,464,486,508,530,552,575,597,619,641,663,674,685,696,707,718
ninetales,30,95,160,225,291,356,421,486,551,616,678,740,801,863,924,986,1048,1109,1171,1233,1294,1356,1418,1479,1541,1603,1664,1726,1788,1849,1880,1911,1942,1973,2003
jigglypuff,10,31,53,74,96,117,139,160,182,203,224,244,265,285,305,326,346,366,387,407,428,448,468,489,509,529,550,570,591,611,621,631,642,652,662
wigglytuff,26,84,142,199,257,314,372,429,487,544,599,653,708,762,817,871,925,980,1034,1089,1143,1198,1252,1307,1361,1416,1470,1525,1579,1634,1661,1688,1715,1743,1770
zubat,10,25,42,59,76,93,111,128,145,162,178,195,211,227,243,260,276,292,308,325,341,357,373,390,406,422,439,455,471,487,495,504,512,520,528
golbat,25,81,136,191,246,302,357,412,467,523,575,627,679,732,784,836,888,941,993,1045,1098,1150,1202,1254,1307,1359,1411,1464,1516,1568,1594,1621,1647,1673,1699
oddish,15,47,79,111,144,176,208,241,273,305,336,366,397,427,458,488,519,550,580,611,641,672,702,733,763,794,825,855,886,916,932,947,962,977,993
gloom,21,67,112,158,204,249,295,341,386,432,475,518,562,605,648,691,734,778,821,864,907,950,994,1037,1080,1123,1167,1210,1253,1296,1318,1340,1361,1383,1404
vileplume,33,104,176,247,319,390,462,533,605,676,744,812,879,947,1014,1082,1150,1217,1285,1353,1420,1488,1556,1623,1691,1759,1826,1894,1962,2029,2063,2097,2131,2165,2198
paras,11,37,62,87,112,138,163,188,213,238,262,286,310,334,358,382,406,430,453,477,501,525,549,573,597,621,645,668,692,716,728,740,752,764,776
parasect,23,73,123,173,223,273,323,373,423,473,521,568,615,663,710,757,805,852,899,947,994,1041,1089,1136,1183,1231,1278,1326,1373,1420,1444,1468,1491,1515,1539
venonat,12,40,67,94,121,149,176,203,230,257,283,309,335,361,386,412,438,464,490,515,541,567,593,619,644,670,696,722,747,773,786,799,812,825,838
venomoth,27,85,144,202,261,319,378,436,495,553,609,664,719,775,830,885,941,996,1051,1107,1162,1217,1273,1328,1384,1439,1494,1550,1605,1661,1688,1716,1744,1771,1799
diglett,10,20,34,48,62,76,90,104,118,132,146,159,172,186,199,212,225,239,252,265,278,292,305,318,332,345,358,372,385,398,405,411,418,425,431
dugtrio,18,59,99,139,179,220,260,300,340,381,419,457,495,533,571,609,647,686,724,762,800,838,876,914,952,990,1029,1067,1105,1143,1162,1181,1200,1219,1238
meowth,10,28,47,66,86,105,124,143,163,182,200,218,237,255,273,291,309,328,346,364,382,401,419,437,455,474,492,510,528,547,556,565,574,583,592
persian,21,68,114,161,207,254,300,347,393,440,484,528,572,616,660,704,748,791,835,879,923,967,1011,1055,1100,1144,1188,1232,1276,1320,1342,1364,1386,1408,1430
psyduck,13,42,72,101,130,159,188,217,247,276,303,331,359,386,414,441,469,497,524,552,580,607,635,662,690,718,745,773,801,828,842,856,870,883,897
golduck,32,100,169,237,306,374,443,511,580,649,713,778,843,908,973,1038,1102,1167,1232,1297,1362,1427,1492,1557,1622,1686,1751,1816,1881,1946,1978,2011,2043,2076,2108
mankey,14,44,74,104,135,165,195,225,256,286,315,343,372,400,429,458,486,515,544,572,601,629,658,687,715,744,773,801,830,859,873,887,901,916,930
primeape,29,93,156,220,283,347,411,474,538,601,661,721,782,842,902,962,1022,1082,1142,1203,1263,1323,1383,1443,1503,1564,1624,1684,1744,1804,1834,1864,1894,1924,1955
growlithe,15,49,82,116,149,183,216,250,283,317,349,380,412,444,476,507,539,571,603,634,666,698,730,761,793,825,857,888,920,952,968,983,999,1015,1031
arcanine,40,125,211,297,383,468,554,640,725,811,892,973,1054,1135,1217,1298,1379,1460,1541,1622,1703,1784,1866,1947,2028,2109,2190,2271,2352,2434,2474,2515,2555,2596,2636
poliwag,10,30,51,72,93,114,135,156,177,198,218,238,258,278,298,317,337,357,377,397,417,437,457,476,496,516,536,556,576,596,606,616,625,635,645
poliwhirl,18,58,97,137,177,216,256,296,335,375,412,450,487,525,562,600,637,675,712,750,787,825,862,900,938,975,1013,1050,1088,1125,1144,1163,1181,1200,1219
poliwrath,34,108,181,255,329,403,476,550,624,697,767,837,907,976,1046,1116,1186,1255,1325,1395,1465,1534,1604,1674,1744,1814,1883,1953,2023,2093,2128,2163,2197,2232,2267
abra,16,50,85,120,154,189,224,258,293,328,361,393,426,459,492,525,557,590,623,656,689,722,754,787,820,853,886,918,951,984,1001,1017,1033,1050,1066
kadabra,26,82,138,194,250,307,363,419,475,531,584,637,690,744,797,850,903,956,1009,1062,1115,1169,1222,1275,1328,1381,1434,1487,1541,1594,1620,1647,1673,1700,1727
alakazam,40,127,215,302,389,476,563,650,738,825,907,990,1072,1155,1237,1319,1402,1484,1567,1649,1732,1814,1897,1979,2062,2144,2227,2309,2392,2474,2516,2557,2598,2639,2681
machop,16,53,89,125,161,198,234,270,306,342,377,411,445,479,514,548,582,616,651,685,719,753,788,822,856,891,925,959,993,1028,1045,1062,1079,1096,1113
machoke,27,84,142,200,257,315,372,430,488,545,600,655,709,764,818,873,927,982,1036,1091,1146,1200,1255,1309,1364,1419,1473,1528,1582,1637,1664,1692,1719,1746,1773
machamp,40,128,215,302,389,476,564,651,738,825,908,990,1073,1155,1238,1320,1403,1485,1568,1650,1733,1816,1898,1981,2063,2146,2228,2311,2394,2476,2517,2559,2600,2641,2682
bellsprout,12,40,68,95,123,151,179,206,234,262,288,314,340,366,392,419,445,471,497,523,550,576,602,628,654,681,707,733,759,785,798,812,825,838,851
weepinbell,20,65,109,154,198,243,288,332,377,421,463,505,547,590,632,674,716,758,800,842,885,927,969,1011,1053,1095,1137,1180,1222,1264,1285,1306,1327,1348,1369
victreebel,32,100,169,237,306,374,442,511,579,648,713,778,842,907,972,1037,1102,1166,1231,1296,1361,1426,1490,1555,1620,1685,1750,1815,1879,1944,1977,2009,2042,2074,2106
tentacool,13,42,71,100,129,157,186,215,244,273,300,328,355,382,410,437,464,492,519,546,574,601,628,656,683,710,738,765,792,820,833,847,861,874,888
tentacruel,33,105,176,248,320,391,463,535,606,678,746,814,881,949,1017,1085,1153,1220,1288,1356,1424,1492,1560,1627,1695,1763,1831,1899,1967,2034,2068,2102,2136,2170,2204
geodude,16,52,88,125,161,197,233,269,305,341,375,409,443,477,511,545,579,614,648,682,716,750,784,818,852,886,921,955,989,1023,1040,1057,1074,1091,1108
graveler,25,80,135,190,244,299,354,409,464,518,570,622,674,726,778,830,881,933,985,1037,1089,1141,1193,1245,1296,1348,1400,1452,1504,1556,1582,1608,1634,1660,1686
golem,41,129,217,305,393,481,569,657,745,833,916,1000,1083,1166,1250,1333,1416,1500,1583,1666,1750,1833,1916,2000,2083,2166,2250,2333,2416,2500,2541,2583,2625,2666,2708
ponyta,21,66,111,157,202,247,293,338,384,429,472,515,558,600,643,686,729,772,815,858,901,944,987,1030,1073,1116,1158,1201,1244,1287,1309,1330,1352,1373,1395
rapidash,31,99,167,235,303,371,439,507,575,643,708,772,836,901,965,1029,1094,1158,1222,1287,1351,1415,1480,1544,1608,1673,1737,1802,1866,1930,1962,1995,2027,2059,2091
slowpoke,17,53,89,126,162,198,235,271,307,344,378,412,447,481,516,550,584,619,653,688,722,756,791,825,860,894,929,963,997,1032,1049,1066,1083,1101,1118
slowbro,35,110,184,259,334,409,484,559,634,709,780,851,922,992,1063,1134,1205,1276,1347,1418,1489,1560,1631,1702,1773,1843,1914,1985,2056,2127,2163,2198,2234,2269,2304
magnemite,15,48,80,113,146,178,211,244,277,309,340,371,402,433,464,495,526,557,588,619,650,681,712,743,774,805,836,867,898,929,944,960,975,991,1006
magneton,31,99,166,234,301,369,436,504,571,639,703,767,831,895,958,1022,1086,1150,1214,1278,1342,1406,1470,1534,1598,1662,1726,1790,1853,1917,1949,1981,2013,2045,2077
farfetch'd,15,48,81,114,147,180,213,246,279,312,343,374,405,436,468,499,530,561,592,624,655,686,717,748,780,811,842,873,905,936,951,967,983,998,1014
doduo,14,44,75,105,136,166,197,227,258,288,317,346,375,404,433,462,491,519,548,577,606,635,664,693,722,751,779,808,837,866,881,895,909,924,938
dodrio,30,94,159,223,288,353,417,482,546,611,672,733,794,855,916,977,1038,1099,1161,1222,1283,1344,1405,1466,1527,1588,1649,1711,1772,1833,1863,1894,1924,1955,1986
seel,12,39,67,94,121,148,175,202,229,257,282,308,334,359,385,411,436,462,488,513,539,565,591,616,642,668,693,719,745,770,783,796,809,822,835
dewgong,26,83,141,198,255,312,369,427,484,541,595,649,703,757,812,866,920,974,1028,1082,1136,1190,1245,1299,1353,1407,1461,1515,1570,1624,1651,1678,1705,1732,1759
grimer,17,56,94,132,171,209,247,286,324,362,399,435,471,508,544,580,616,653,689,725,761,798,834,870,907,943,979,1016,1052,1088,1106,1124,1143,1161,1179
muk,38,120,201,283,365,447,528,610,692,774,851,929,1006,1083,1161,1238,1315,1393,1470,1548,1625,1702,1780,1857,1935,2012,2090,2167,2244,2322,2361,2399,2438,2477,2515
shellder,13,42,71,100,129,158,187,216,245,273,301,328,356,383,410,438,465,492,520,547,575,602,629,657,684,712,739,766,794,821,835,849,862,876,890
cloyster,35,109,184,259,333,408,483,557,632,707,778,848,919,990,1060,1131,1202,1272,1343,1414,1485,1555,1626,1697,1767,1838,1909,1980,2050,2121,2156,2192,2227,2263,2298
gastly,14,44,74,104,135,165,195,225,256,286,315,343,372,400,429,458,486,515,544,572,601,630,658,687,715,744,773,801,830,859,873,887,902,916,930
haunter,24,76,127,179,231,283,335,386,438,490,539,588,637,686,735,784,833,882,931,980,1029,1078,1128,1177,1226,1275,1324,1373,1422,1471,1495,1520,1544,1569,1593
gengar,37,116,195,274,353,432,511,590,669,748,823,898,972,1047,1122,1197,1272,1346,1421,1496,1571,1646,1721,1796,1870,1945,2020,2095,2170,2245,2282,2319,2357,2394,2432
onix,14,44,74,104,135,165,195,225,256,286,315,343,372,400,429,458,486,515,544,572,601,630,658,687,715,744,773,801,830,859,873,887,902,916,930
drowzee,14,44,73,103,133,163,193,223,253,283,312,340,368,397,425,453,482,510,538,567,595,623,652,680,709,737,765,794,822,850,865,879,893,907,921
hypno,28,90,152,214,276,338,399,461,523,585,643,702,760,819,877,936,995,1053,1112,1170,1229,1287,1346,1404,1463,1521,1580,1638,1697,1755,1785,1814,1843,1872,1902
krabby,19,61,103,145,186,228,270,312,354,396,435,475,515,554,594,633,673,712,752,792,831,871,911,950,990,1029,1069,1109,1148,1188,1208,1227,1247,1267,1287
kingler,38,119,200,282,363,444,526,607,688,770,847,924,1001,1077,1154,1231,1308,1385,1462,1539,1616,1693,1770,1847,1924,2001,2078,2155,2232,2309,2348,2386,2425,2463,2502
voltorb,12,38,63,89,115,141,167,193,219,245,269,294,318,342,367,391,416,440,465,489,514,538,563,587,612,636,661,685,710,734,747,759,771,783,796
electrode,26,84,141,198,256,313,371,428,485,543,597,651,705,760,814,868,923,977,1031,1085,1140,1194,1248,1303,1357,1411,1465,1520,1574,1628,1656,1683,1710,1737,1764
exeggcute,15,48,82,115,148,181,215,248,281,315,346,377,409,440,472,503,535,566,598,629,661,692,724,755,787,818,850,881,913,944,960,976,992,1007,1023
exeggutor,41,129,217,305,393,481,569,657,745,833,917,1000,1083,1166,1250,1333,1416,1500,1583,1666,1750,1833,1916,2000,2083,2166,2250,2333,2417,2500,2542,2583,2625,2667,2708
cubone,13,41,70,98,127,155,184,212,241,269,296,323,350,377,404,431,458,485,512,539,566,593,620,647,673,700,727,754,781,808,822,835,849,862,876
marowak,23,75,126,177,228,279,330,381,432,483,531,580,628,676,725,773,821,870,918,966,1015,1063,1111,1160,1208,1256,1305,1353,1401,1450,1474,1498,1522,1546,1571
hitmonlee,34,106,179,251,324,397,469,542,615,687,756,825,893,962,1031,1100,1168,1237,1306,1375,1443,1512,1581,1650,1718,1787,1856,1925,1994,2062,2097,2131,2165,2200,2234
hitmonchan,29,93,156,219,283,346,409,473,536,599,659,719,779,839,899,959,1019,1079,1139,1199,1259,1319,1379,1439,1499,1559,1619,1679,1739,1799,1829,1859,1889,1919,1949
lickitung,18,58,98,138,178,218,258,298,338,378,415,453,491,529,566,604,642,680,717,755,793,831,869,906,944,982,1020,1058,1095,1133,1152,1171,1190,1209,1228
koffing,15,48,81,114,147,180,213,246,278,311,343,374,405,436,467,498,530,561,592,623,654,686,717,748,779,810,841,873,904,935,951,966,982,997,1013
weezing,30,96,162,228,294,360,426,492,558,624,686,748,811,873,935,998,1060,1123,1185,1247,1310,1372,1434,1497,1559,1622,1684,1747,1809,1871,1903,1934,1965,1996,2027
rhyhorn,23,74,125,175,226,277,327,378,429,480,527,575,623,671,719,767,815,863,911,959,1007,1055,1103,1151,1199,1247,1295,1343,1391,1439,1463,1487,1511,1535,1559
rhydon,46,146,245,345,445,544,644,744,843,943,1037,1131,1226,1320,1414,1509,1603,1697,1791,1886,1980,2074,2169,2263,2357,2452,2546,2640,2735,2829,2876,2923,2970,3017,3065
chansey,20,65,109,153,198,242,286,331,375,419,461,503,545,587,629,671,713,755,797,839,881,923,965,1007,1049,1091,1133,1175,1217,1259,1280,1301,1322,1343,1364
tangela,31,97,164,231,297,364,431,497,564,631,694,757,820,883,946,1009,1072,1135,1199,1262,1325,1388,1451,1514,1577,1640,1703,1767,1830,1893,1924,1956,1987,2019,2051
kangaskhan,34,109,183,257,332,406,481,555,629,704,774,844,915,985,1055,1126,1196,1266,1337,1407,1478,1548,1618,1689,1759,1830,1900,1970,2041,2111,2146,2182,2217,2252,2287
horsea,13,40,68,96,124,152,179,207,235,263,289,316,342,368,395,421,447,473,500,526,552,579,605,631,658,684,710,737,763,789,803,816,829,842,855
seadra,28,87,147,207,267,326,386,446,506,565,622,678,735,792,848,905,961,1018,1074,1131,1187,1244,1301,1357,1414,1470,1527,1583,1640,1697,1725,1753,1781,1810,1838
goldeen,14,44,75,105,135,166,196,227,257,287,316,345,374,402,431,460,489,517,546,575,604,632,661,690,719,748,776,805,834,863,877,891,906,920,935
seaking,28,90,152,213,275,336,398,460,521,583,641,699,758,816,874,932,991,1049,1107,1166,1224,1282,1341,1399,1457,1516,1574,1632,1691,1749,1778,1807,1836,1865,1895
staryu,13,41,69,97,124,152,180,208,236,264,291,317,344,370,397,423,450,476,502,529,555,582,608,635,661,688,714,741,767,794,807,820,833,847,860
starmie,32,102,171,241,310,380,449,519,588,658,724,789,855,921,987,1053,1118,1184,1250,1316,1381,1447,1513,1579,1645,1711,1776,1842,1908,1974,2007,2040,2073,2105,2138
mime,28,87,147,207,267,327,387,447,507,567,623,680,737,793,850,907,963,1020,1077,1133,1190,1247,1304,1360,1417,1474,1530,1587,1644,1701,1729,1757,1786,1814,1842
scyther,34,109,183,258,332,406,481,555,629,704,774,845,915,985,1056,1126,1196,1267,1337,1408,1478,1548,1619,1689,1760,1830,1901,1971,2041,2112,2147,2182,2217,2253,2288
jynx,35,111,187,263,338,414,490,566,642,718,789,861,933,1005,1076,1148,1220,1292,1363,1435,1507,1579,1650,1722,1794,1866,1938,2009,2081,2153,2189,2225,2261,2297,2332
electabuzz,31,97,163,229,296,362,428,495,561,627,690,753,815,878,941,1004,1066,1129,1192,1255,1317,1380,1443,1506,1568,1631,1694,1757,1820,1882,1914,1945,1976,2008,2039
magmar,31,99,168,236,304,372,440,508,576,644,708,773,837,901,966,1030,1095,1159,1223,1288,1352,1417,1481,1546,1610,1674,1739,1803,1868,1932,1964,1997,2029,2061,2093
pinsir,39,122,206,290,373,457,540,624,708,791,870,950,1029,1108,1187,1266,1345,1424,1503,1583,1662,1741,1820,1899,1978,2058,2137,2216,2295,2374,2414,2453,2493,2533,2572
tauros,35,110,185,260,335,410,485,560,636,711,782,853,924,995,1066,1137,1208,1279,1350,1421,1492,1563,1635,1706,1777,1848,1919,1990,2061,2132,2168,2203,2239,2274,2310
magikarp,10,10,16,23,29,36,43,49,56,63,69,75,81,88,94,100,107,113,119,125,132,138,144,151,157,163,170,176,182,188,192,195,198,201,204
gyarados,46,145,244,343,442,541,640,739,838,937,1031,1125,1218,1312,1406,1500,1593,1687,1781,1874,1968,2062,2156,2249,2343,2437,2531,2625,2718,2812,2859,2906,2953,3000,3046
lapras,36,115,193,272,351,429,508,586,665,744,818,892,967,1041,1115,1190,1264,1338,1413,1487,1562,1636,1710,1785,1859,1934,2008,2082,2157,2231,2268,2305,2343,2380,2417
ditto,10,31,53,75,96,118,140,161,183,205,225,246,266,287,307,328,348,369,389,410,430,451,471,492,512,533,554,574,595,615,625,636,646,656,666
eevee,13,42,72,101,130,159,189,218,247,276,304,332,359,387,415,443,470,498,526,553,581,609,636,664,692,719,747,775,802,830,844,858,872,886,899
vaporeon,44,139,235,330,425,521,616,711,807,902,992,1082,1172,1263,1353,1443,1533,1623,1713,1804,1894,1984,2074,2165,2255,2345,2435,2526,2616,2706,2751,2796,2841,2886,2931
jolteon,38,121,203,285,368,450,533,615,697,780,858,936,1014,1092,1170,1248,1326,1404,1482,1560,1638,1716,1794,1872,1950,2028,2106,2184,2262,2340,2379,2418,2457,2496,2535
flareon,41,128,216,304,391,479,567,654,742,830,913,996,1079,1162,1245,1328,1410,1493,1576,1659,1742,1825,1908,1991,2074,2157,2241,2324,2407,2490,2531,2573,2614,2656,2697
porygon,22,69,116,164,211,258,306,353,400,448,492,537,582,627,672,716,761,806,851,895,940,985,1030,1075,1120,1164,1209,1254,1299,1344,1366,1388,1411,1433,1456
omanyte,19,59,100,140,181,222,262,303,344,384,423,461,499,538,576,615,653,692,730,768,807,845,884,922,961,999,1038,1076,1115,1153,1172,1192,1211,1230,1249
omastar,37,119,200,281,362,443,524,605,686,767,844,920,997,1074,1150,1227,1304,1381,1457,1534,1611,1687,1764,1841,1918,1994,2071,2148,2225,2301,2340,2378,2416,2455,2493
kabuto,16,52,87,122,158,193,229,264,299,335,368,402,435,469,502,536,569,603,636,670,703,737,770,804,837,871,904,938,971,1005,1022,1038,1055,1072,1089
kabutops,35,111,187,263,339,415,491,567,643,719,791,863,935,1007,1079,1151,1223,1294,1366,1438,1510,1582,1654,1726,1798,1870,1942,2014,2086,2158,2194,2230,2266,2302,2338
aerodactyl,36,115,194,273,351,430,509,588,666,745,820,894,969,1043,1118,1192,1267,1341,1416,1490,1565,1639,1714,1788,1863,1938,2012,2087,2161,2236,2273,2310,2348,2385,2422
snorlax,47,148,250,351,452,553,655,756,857,958,1054,1150,1246,1342,1438,1533,1629,1725,1821,1917,2013,2109,2204,2300,2396,2492,2588,2684,2780,2876,2924,2972,3019,3067,3115
articuno,41,130,218,307,395,484,572,661,749,838,922,1005,1089,1173,1257,1341,1424,1508,1592,1676,1760,1843,1927,2011,2095,2179,2263,2346,2430,2514,2556,2598,2640,2682,2723
zapdos,47,147,248,348,449,549,650,750,851,951,1046,1142,1237,1332,1427,1522,1617,1712,1807,1902,1998,2093,2188,2283,2378,2474,2569,2664,2759,2854,2902,2949,2997,3044,3092
moltres,46,145,243,342,441,540,639,737,836,935,1028,1122,1215,1309,1402,1496,1589,1683,1776,1870,1963,2057,2150,2244,2337,2431,2524,2618,2711,2805,2852,2898,2945,2992,3039
dratini,12,38,64,90,116,142,168,194,219,245,270,295,319,344,368,393,418,442,467,491,516,540,565,590,614,639,663,688,713,737,749,762,774,786,799
dragonair,22,71,119,168,217,265,314,362,411,460,505,551,597,643,689,735,781,827,873,919,965,1011,1057,1103,1149,1195,1241,1287,1333,1379,1402,1425,1448,1471,1494
dragonite,50,158,266,375,483,591,699,807,915,1023,1125,1228,1330,1432,1535,1637,1739,1842,1944,2046,2148,2251,2353,2456,2558,2660,2763,2865,2967,3070,3121,3172,3223,3274,3325
mewtwo,56,176,296,416,537,657,777,897,1018,1138,1251,1365,1479,1593,1706,1820,1934,2048,2161,2275,2389,2503,2617,2730,2844,2958,3072,3186,3300,3413,3470,3527,3584,3641,3698
mew,43,137,230,323,416,510,603,696,790,883,971,1059,1148,1236,1324,1413,1501,1589,1677,1766,1854,1942,2031,2119,2207,2296,2384,2472,2561,2649,2693,2737,2781,2826,2870
chikorita,11,35,59,83,108,132,156,180,204,229,251,274,297,320,343,366,389,412,435,458,480,503,526,549,572,595,618,641,664,687,698,709,721,732,744
bayleef,18,57,96,135,174,213,253,292,331,370,407,444,481,518,555,592,629,666,703,740,777,814,851,888,925,962,1000,1037,1074,1111,1129,1148,1166,1185,1203
meganium,31,98,165,233,300,367,434,502,569,636,700,763,827,891,954,1018,1081,1145,1209,1272,1336,1400,1463,1527,1590,1654,1718,1781,1845,1909,1941,1972,2004,2036,2068
cyndaquil,11,36,61,87,112,137,162,187,212,237,261,285,308,332,356,380,403,427,451,475,498,522,546,570,593,617,641,665,688,712,724,736,748,760,771
quilava,20,65,110,155,200,244,289,334,379,424,466,508,551,593,636,678,720,763,805,847,890,932,975,1017,1060,1102,1144,1187,1229,1272,1293,1314,1335,1356,1378
typhlosion,38,119,200,281,362,443,524,605,686,767,844,921,997,1074,1151,1228,1304,1381,1458,1535,1611,1688,1765,1842,1918,1995,2072,2149,2226,2302,2341,2379,2417,2456,2494
totodile,14,44,75,105,136,167,197,228,258,289,318,347,375,404,433,462,491,520,549,578,607,636,664,693,722,751,780,809,838,867,881,896,910,925,939
croconaw,22,70,119,167,215,263,312,360,408,456,502,548,593,639,685,730,776,822,867,913,959,1004,1050,1096,1142,1187,1233,1279,1324,1370,1393,1416,1439,1461,1484
feraligatr,38,120,202,284,367,449,531,613,695,777,855,933,1010,1088,1166,1244,1321,1399,1477,1554,1632,1710,1788,1865,1943,2021,2099,2177,2254,2332,2371,2410,2449,2488,2526
sentret,10,23,38,54,70,85,101,117,132,148,163,178,192,207,222,237,252,267,281,296,311,326,341,356,370,385,400,415,430,445,452,459,467,474,482
furret,23,73,124,174,224,275,325,375,426,476,524,571,619,667,714,762,809,857,905,952,1000,1048,1095,1143,1191,1238,1286,1333,1381,1429,1453,1476,1500,1524,1548
hoothoot,10,28,47,67,86,105,125,144,163,183,201,219,238,256,274,293,311,329,347,366,384,402,421,439,457,476,494,512,531,549,558,567,576,585,595
noctowl,28,90,152,213,275,336,398,460,521,583,641,699,758,816,874,933,991,1049,1107,1166,1224,1282,1341,1399,1457,1516,1574,1632,1691,1749,1778,1807,1836,1866,1895
ledyba,10,29,49,69,89,109,129,149,169,189,208,227,246,265,284,303,322,341,360,379,398,417,436,455,474,492,511,530,549,568,578,587,597,606,616
ledian,18,56,95,133,171,210,248,287,325,364,400,437,473,510,546,582,619,655,692,728,765,801,837,874,910,947,983,1020,1056,1092,1111,1129,1147,1165,1183
spinarak,10,30,51,71,92,113,133,154,175,195,215,235,254,274,293,313,332,352,372,391,411,430,450,469,489,509,528,548,567,587,597,606,616,626,636
ariados,23,72,121,171,220,270,319,368,418,467,514,561,607,654,701,748,794,841,888,935,981,1028,1075,1122,1168,1215,1262,1309,1356,1402,1426,1449,1472,1496,1519
crobat,34,109,183,258,332,407,481,556,630,704,775,845,916,986,1057,1127,1198,1268,1338,1409,1479,1550,1620,1691,1761,1832,1902,1973,2043,2114,2149,2184,2220,2255,2290
chinchou,15,47,79,111,144,176,208,240,272,305,335,366,396,427,457,488,518,549,579,610,640,671,701,732,762,793,823,854,884,915,930,945,961,976,991
lanturn,29,92,154,217,280,342,405,468,530,593,652,712,771,830,890,949,1008,1068,1127,1186,1246,1305,1364,1424,1483,1543,1602,1661,1721,1780,1810,1839,1869,1899,1928
pichu,10,16,28,39,50,62,73,84,96,107,118,129,139,150,161,172,182,193,204,215,225,236,247,258,268,279,290,301,311,322,327,333,338,344,349
cleffa,10,27,46,64,83,102,121,139,158,177,195,212,230,248,266,283,301,319,336,354,372,390,407,425,443,461,478,496,514,531,540,549,558,567,576
igglybuff,10,22,38,53,69,84,100,115,131,146,161,175,190,205,219,234,249,263,278,293,307,322,337,351,366,380,395,410,424,439,446,454,461,468,476
togepi,10,23,40,56,72,89,105,121,138,154,169,185,200,216,231,247,262,277,293,308,324,339,355,370,386,401,416,432,447,463,470,478,486,494,501
togetic,21,68,115,161,208,254,301,347,394,441,485,529,573,617,661,705,749,793,837,881,926,970,1014,1058,1102,1146,1190,1234,1278,1323,1345,1367,1389,1411,1433
natu,13,41,68,96,124,152,180,208,236,264,290,317,343,370,396,422,449,475,502,528,554,581,607,634,660,687,713,740,766,792,806,819,832,845,858
xatu,27,87,147,206,266,326,385,445,504,564,620,677,733,790,846,903,959,1015,1072,1128,1185,1241,1298,1354,1411,1467,1523,1580,1636,1693,1721,1749,1777,1806,1834
mareep,12,39,66,92,119,146,173,200,226,253,278,304,329,354,380,405,430,456,481,506,532,557,583,608,633,659,684,709,735,760,773,785,798,811,823
flaaffy,19,62,104,146,189,231,273,316,358,400,440,480,520,560,600,640,681,721,761,801,841,881,921,961,1001,1041,1081,1121,1161,1201,1221,1241,1261,1281,1301
ampharos,38,119,200,282,363,444,526,607,689,770,847,924,1001,1078,1155,1232,1309,1386,1463,1540,1617,1694,1771,1848,1925,2002,2079,2156,2233,2310,2349,2387,2426,2464,2502
bellossom,29,93,157,220,284,348,411,475,538,602,662,723,783,843,903,963,1024,1084,1144,1204,1265,1325,1385,1445,1506,1566,1626,1686,1747,1807,1837,1867,1897,1927,1957
marill,10,18,31,43,56,69,82,94,107,120,132,144,156,168,180,192,204,216,228,240,252,264,276,288,300,312,324,336,348,360,366,372,378,384,390
azumarill,21,66,111,157,202,248,293,338,384,429,472,515,558,601,644,687,730,772,815,858,901,944,987,1030,1073,1116,1159,1202,1245,1288,1309,1331,1352,1374,1395
sudowoodo,29,91,153,216,278,340,403,465,527,590,649,708,767,826,885,944,1003,1062,1121,1180,1239,1298,1357,1416,1475,1534,1593,1652,1711,1770,1799,1829,1858,1888,1917
politoed,33,105,176,248,319,391,463,534,606,677,745,813,881,948,1016,1084,1151,1219,1287,1355,1422,1490,1558,1626,1694,1761,1829,1897,1965,2032,2066,2100,2134,2168,2202
hoppip,10,22,37,53,68,83,99,114,129,145,159,174,188,203,217,232,247,261,276,290,305,319,334,348,363,377,392,406,421,435,443,450,457,464,472
skiploom,12,39,65,92,118,145,172,198,225,252,277,302,327,352,378,403,428,453,478,504,529,554,579,604,630,655,680,705,730,756,768,781,793,806,819
jumpluff,21,68,115,162,209,256,303,350,397,444,488,532,577,621,665,710,754,799,843,887,932,976,1020,1065,1109,1154,1198,1242,1287,1331,1353,1376,1398,1420,1442
aipom,16,52,88,124,160,196,232,267,303,339,373,407,441,475,509,543,577,611,645,678,712,746,780,814,848,882,916,950,984,1018,1035,1052,1069,1086,1103
sunkern,10,14,23,33,42,52,61,71,80,90,99,108,117,126,135,144,153,162,171,181,190,199,208,217,226,235,244,253,262,271,276,280,285,289,294
sunflora,28,90,152,214,276,338,399,461,523,585,643,702,761,819,878,936,995,1053,1112,1170,1229,1287,1346,1404,1463,1521,1580,1638,1697,1756,1785,1814,1843,1873,1902
yanma,18,58,98,138,178,219,259,299,339,379,417,455,492,530,568,606,644,682,720,758,796,834,872,909,947,985,1023,1061,1099,1137,1156,1175,1194,1213,1232
wooper,10,26,44,62,80,98,116,134,152,170,187,204,221,238,255,272,289,306,323,340,357,374,391,408,425,442,459,476,494,511,519,528,536,545,553
quagsire,27,85,143,202,260,318,376,435,493,551,606,661,716,772,827,882,937,992,1047,1102,1157,1213,1268,1323,1378,1433,1488,1544,1599,1654,1681,1709,1736,1764,1792
espeon,42,133,223,314,404,495,585,676,767,857,943,1029,1114,1200,1286,1371,1457,1543,1629,1714,1800,1886,1972,2057,2143,2229,2315,2400,2486,2572,2615,2658,2700,2743,2786
umbreon,29,90,152,214,276,338,400,462,524,586,645,703,762,821,879,938,997,1055,1114,1172,1231,1290,1348,1407,1466,1524,1583,1642,1700,1759,1788,1818,1847,1876,1906
murkrow,19,61,103,145,187,229,271,313,355,397,437,477,517,557,596,636,676,716,755,795,835,875,915,954,994,1034,1074,1114,1153,1193,1213,1233,1253,1273,1293
slowking,35,110,184,259,334,409,484,559,634,709,780,851,922,992,1063,1134,1205,1276,1347,1418,1489,1560,1631,1702,1773,1843,1914,1985,2056,2127,2163,2198,2234,2269,2304
misdreavus,25,78,132,186,240,294,347,401,455,509,560,611,661,712,763,814,865,916,967,1018,1069,1119,1170,1221,1272,1323,1374,1425,1476,1527,1552,1578,1603,1629,1654
unown,14,45,76,107,137,168,199,230,261,292,321,350,380,409,438,467,496,526,555,584,613,643,672,701,730,759,789,818,847,876,891,906,920,935,949
wobbuffet,14,45,76,107,138,169,199,230,261,292,321,351,380,409,438,468,497,526,555,585,614,643,672,702,731,760,790,819,848,877,892,907,921,936,950
girafarig,26,82,138,195,251,307,363,420,476,532,585,639,692,745,798,851,905,958,1011,1064,1118,1171,1224,1277,1331,1384,1437,1490,1544,1597,1624,1650,1677,1703,1730
pineco,14,46,77,109,140,172,204,235,267,298,328,358,388,418,448,477,507,537,567,597,627,657,686,716,746,776,806,836,866,896,910,925,940,955,970
forretress,32,100,168,237,305,373,441,510,578,646,711,776,840,905,970,1034,1099,1164,1228,1293,1358,1422,1487,1552,1616,1681,1746,1810,1875,1940,1972,2005,2037,2069,2102
dunsparce,22,71,120,169,217,266,315,364,412,461,507,554,600,646,692,738,784,830,877,923,969,1015,1061,1107,1154,1200,1246,1292,1338,1384,1407,1431,1454,1477,1500
gligar,24,77,131,184,237,290,343,396,449,502,552,603,653,703,753,803,854,904,954,1004,1055,1105,1155,1205,1256,1306,1356,1406,1457,1507,1532,1557,1582,1607,1632
steelix,34,108,181,255,329,402,476,549,623,697,766,836,906,975,1045,1115,1184,1254,1324,1393,1463,1533,1603,1672,1742,1812,1881,1951,2021,2091,2125,2160,2195,2230,2265
snubbull,15,49,83,117,151,185,219,253,287,321,353,385,417,450,482,514,546,578,610,642,674,707,739,771,803,835,867,899,932,964,980,996,1012,1028,1044
granbull,34,108,181,255,329,402,476,550,623,697,767,837,906,976,1046,1115,1185,1255,1325,1394,1464,1534,1604,1673,1743,1813,1883,1952,2022,2092,2127,2162,2196,2231,2266
qwilfish,27,84,142,200,257,315,373,430,488,546,600,655,709,764,818,873,928,982,1037,1091,1146,1201,1255,1310,1364,1419,1474,1528,1583,1637,1665,1692,1719,1747,1774
scizor,39,124,208,293,377,462,546,631,716,800,880,960,1040,1120,1200,1280,1360,1440,1520,1600,1680,1760,1840,1920,2000,2081,2161,2241,2321,2401,2441,2481,2521,2561,2601
shuckle,10,13,22,31,40,49,58,67,76,85,94,103,111,120,128,137,145,154,163,171,180,188,197,206,214,223,231,240,248,257,261,266,270,274,279
heracross,41,130,218,307,396,485,573,662,751,839,923,1007,1091,1175,1259,1343,1427,1511,1595,1679,1763,1847,1930,2014,2098,2182,2266,2350,2434,2518,2560,2602,2644,2686,2728
sneasel,26,82,139,195,251,308,364,421,477,533,587,640,694,747,800,854,907,960,1014,1067,1120,1174,1227,1281,1334,1387,1441,1494,1548,1601,1628,1654,1681,1708,1734
teddiursa,16,52,88,123,159,195,231,266,302,338,372,406,439,473,507,541,575,608,642,676,710,744,778,811,845,879,913,947,981,1014,1031,1048,1065,1082,1099
ursaring,39,122,205,289,372,455,538,622,705,788,867,946,1025,1104,1183,1261,1340,1419,1498,1577,1656,1735,1813,1892,1971,2050,2129,2208,2287,2366,2405,2445,2484,2523,2563
slugma,10,33,55,78,101,123,146,169,191,214,236,257,278,300,321,343,364,386,407,429,450,471,493,514,536,557,579,600,622,643,654,665,675,686,697
magcargo,21,68,115,161,208,254,301,348,394,441,485,529,573,617,661,705,749,793,838,882,926,970,1014,1058,1102,1146,1190,1235,1279,1323,1345,1367,1389,1411,1433
swinub,10,29,49,69,89,109,129,149,169,189,208,227,246,265,284,303,322,341,360,379,398,417,435,454,473,492,511,530,549,568,578,587,597,606,616
piloswine,32,101,170,239,308,377,446,515,584,652,718,783,848,913,979,1044,1109,1174,1240,1305,1370,1436,1501,1566,1631,1697,1762,1827,1893,1958,1991,2023,2056,2088,2121
corsola,17,53,90,127,163,200,237,273,310,347,381,416,451,485,520,555,589,624,659,693,728,763,798,832,867,902,936,971,1006,1041,1058,1075,1093,1110,1127
remoraid,10,33,55,78,101,123,146,168,191,214,235,256,278,299,321,342,364,385,406,428,449,471,492,513,535,556,578,599,620,642,653,663,674,685,695
octillery,30,94,158,222,286,350,414,478,543,607,667,728,789,849,910,971,1031,1092,1153,1213,1274,1335,1396,1456,1517,1578,1638,1699,1760,1820,1851,1881,1911,1942,1972
delibird,13,41,69,98,126,154,183,211,239,268,294,321,348,375,401,428,455,482,509,535,562,589,616,643,669,696,723,750,777,803,817,830,844,857,870
mantine,28,90,151,212,274,335,396,458,519,581,639,697,755,813,871,929,987,1045,1103,1161,1219,1277,1335,1394,1452,1510,1568,1626,1684,1742,1771,1800,1829,1858,1887
skarmory,28,90,151,212,274,335,396,458,519,581,639,697,755,813,871,929,987,1045,1103,1161,1219,1277,1335,1394,1452,1510,1568,1626,1684,1742,1771,1800,1829,1858,1887
houndour,15,49,82,116,149,183,216,250,283,317,349,380,412,444,476,507,539,571,602,634,666,698,729,761,793,825,856,888,920,952,967,983,999,1015,1031
houndoom,35,112,188,264,341,417,493,570,646,722,795,867,939,1011,1084,1156,1228,1300,1373,1445,1517,1589,1662,1734,1806,1878,1951,2023,2095,2168,2204,2240,2276,2312,2348
kingdra,34,107,180,253,326,400,473,546,619,692,762,831,900,969,1038,1108,1177,1246,1315,1385,1454,1523,1592,1662,1731,1800,1870,1939,2008,2077,2112,2147,2181,2216,2250
phanpy,16,52,87,123,158,194,229,264,300,335,369,403,436,470,503,537,570,604,637,671,705,738,772,805,839,873,906,940,973,1007,1024,1041,1057,1074,1091
donphan,42,133,225,316,407,498,590,681,772,863,950,1036,1122,1209,1295,1381,1468,1554,1640,1727,1813,1899,1986,2072,2158,2245,2331,2418,2504,2590,2633,2677,2720,2763,2806
porygon2,36,112,189,266,343,420,497,573,650,727,800,873,945,1018,1091,1164,1236,1309,1382,1454,1527,1600,1673,1745,1818,1891,1964,2037,2109,2182,2218,2255,2291,2327,2364
stantler,28,88,148,208,268,328,388,448,508,568,625,682,738,795,852,909,966,1022,1079,1136,1193,1250,1307,1363,1420,1477,1534,1591,1648,1704,1733,1761,1790,1818,1846
smeargle,10,17,29,40,52,64,76,87,99,111,122,133,144,155,167,178,189,200,211,222,233,245,256,267,278,289,300,311,322,334,339,345,350,356,361
tyrogue,10,17,30,42,54,66,78,91,103,115,127,138,150,161,173,184,196,207,219,231,242,254,265,277,288,300,311,323,335,346,352,358,363,369,375
hitmontop,26,84,141,199,257,314,372,429,487,544,599,653,707,762,816,871,925,979,1034,1088,1143,1197,1252,1306,1361,1415,1470,1524,1578,1633,1660,1687,1715,1742,1769
smoochum,17,54,91,128,165,203,240,277,314,351,386,422,457,492,527,562,597,632,668,703,738,773,808,843,879,914,949,984,1019,1054,1072,1090,1107,1125,1142
elekid,15,47,79,112,144,177,209,241,274,306,337,368,398,429,460,490,521,551,582,613,643,674,705,735,766,797,828,858,889,920,935,950,966,981,996
magby,16,52,87,123,158,194,230,265,301,336,370,404,437,471,505,538,572,605,639,673,706,740,774,807,841,875,908,942,976,1010,1026,1043,1060,1077,1094
miltank,32,102,172,242,311,381,451,521,591,660,726,792,858,925,991,1057,1123,1189,1255,1321,1387,1453,1519,1585,1651,1717,1783,1849,1916,1982,2015,2048,2081,2114,2147
blissey,45,142,239,337,434,531,628,725,822,920,1011,1103,1195,1287,1379,1471,1563,1655,1747,1839,1931,2023,2115,2207,2299,2391,2483,2575,2667,2759,2805,2851,2897,2943,2989
raikou,47,148,249,350,451,552,653,755,856,957,1052,1148,1244,1339,1435,1531,1626,1722,1818,1913,2009,2105,2200,2296,2392,2488,2583,2679,2775,2870,2918,2966,3014,3062,3110
entei,47,149,251,353,455,557,659,761,863,965,1061,1158,1254,1351,1447,1544,1640,1737,1833,1930,2026,2123,2219,2316,2412,2509,2605,2702,2798,2895,2943,2991,3040,3088,3136
suicune,39,125,210,295,380,466,551,636,721,807,887,968,1048,1129,1210,1290,1371,1452,1532,1613,1694,1774,1855,1936,2016,2097,2178,2259,2339,2420,2460,2501,2541,2581,2622
larvitar,12,40,67,94,122,149,176,203,231,258,284,310,336,361,387,413,439,465,491,517,542,568,594,620,646,672,698,723,749,775,788,801,814,827,840
pupitar,22,71,119,168,216,265,313,362,411,459,505,551,597,643,689,735,781,827,872,918,964,1010,1056,1102,1148,1194,1240,1286,1332,1378,1401,1424,1447,1470,1493
tyranitar,51,162,273,384,495,605,716,827,938,1048,1153,1258,1363,1468,1573,1677,1782,1887,1992,2097,2202,2307,2411,2516,2621,2726,2831,2936,3041,3146,3198,3250,3303,3355,3408
lugia,50,159,268,376,485,593,702,811,919,1028,1131,1234,1336,1439,1542,1645,1747,1850,1953,2056,2159,2261,2364,2467,2570,2673,2776,2878,2981,3084,3135,3187,3238,3290,3341
ho-oh,55,172,289,407,524,642,759,876,994,1111,1222,1333,1444,1555,1667,1778,1889,2000,2111,2222,2333,2444,2555,2667,2778,2889,3000,3111,3222,3334,3389,3445,3500,3556,3611
celebi,43,137,230,323,416,510,603,696,790,883,971,1059,1148,1236,1324,1413,1501,1589,1677,1766,1854,1942,2031,2119,2207,2296,2384,2472,2561,2649,2693,2737,2781,2826,2870
treecko,13,40,68,96,124,152,180,208,235,263,290,316,342,369,395,421,448,474,501,527,553,580,606,632,659,685,712,738,764,791,804,817,830,843,857
grovyle,21,66,112,157,203,248,294,340,385,431,474,517,560,603,646,689,732,775,818,861,904,948,991,1034,1077,1120,1163,1206,1249,1292,1314,1335,1357,1378,1400
sceptile,36,114,192,270,348,426,504,582,660,738,812,886,960,1033,1107,1181,1255,1329,1402,1476,1550,1624,1698,1772,1845,1919,1993,2067,2141,2215,2252,2289,2325,2362,2399
torchic,13,42,71,100,129,158,187,216,245,274,301,329,356,384,411,438,466,493,521,548,575,603,630,658,685,713,740,767,795,822,836,850,863,877,891
combusken,20,65,109,154,198,243,287,332,376,420,462,505,547,589,631,673,715,757,799,841,883,925,967,1009,1052,1094,1136,1178,1220,1262,1283,1304,1325,1346,1367
blaziken,37,116,196,275,354,434,513,593,672,752,827,902,977,1052,1127,1203,1278,1353,1428,1503,1578,1654,1729,1804,1879,1954,2030,2105,2180,2255,2293,2330,2368,2406,2443
mudkip,13,43,73,102,132,162,191,221,250,280,308,336,364,392,420,448,476,504,532,560,588,616,644,672,701,729,757,785,813,841,855,869,883,897,911
marshtomp,22,71,120,169,218,267,315,364,413,462,508,554,600,647,693,739,785,831,878,924,970,1016,1063,1109,1155,1201,1247,1294,1340,1386,1409,1432,1455,1479,1502
swampert,39,124,209,294,379,464,549,634,719,804,884,965,1045,1126,1206,1286,1367,1447,1528,1608,1688,1769,1849,1930,2010,2091,2171,2252,2332,2413,2453,2493,2533,2573,2614
poochyena,10,25,42,59,76,93,110,127,144,161,177,193,209,225,241,258,274,290,306,322,338,354,370,387,403,419,435,451,467,483,491,500,508,516,524
mightyena,25,79,132,186,240,294,348,401,455,509,560,611,662,713,764,815,866,917,967,1018,1069,1120,1171,1222,1273,1324,1375,1426,1477,1528,1553,1579,1604,1630,1655
zigzagoon,10,18,31,44,57,69,82,95,108,121,133,145,157,169,181,193,205,218,230,242,254,266,278,290,302,314,327,339,351,363,369,375,381,387,393
linoone,21,67,114,160,206,253,299,345,391,438,482,525,569,613,657,701,744,788,832,876,920,963,1007,1051,1095,1139,1182,1226,1270,1314,1336,1358,1380,1402,1423
wurmple,10,22,37,52,67,82,98,113,128,143,157,172,186,200,215,229,243,258,272,286,301,315,329,344,358,373,387,401,416,430,437,444,451,459,466
silcoon,10,22,38,54,69,85,100,116,132,147,162,177,192,206,221,236,251,265,280,295,310,325,339,354,369,384,398,413,428,443,450,458,465,472,480
beautifly,22,69,117,164,212,259,307,354,402,449,494,539,584,629,674,719,764,809,854,899,944,989,1034,1079,1124,1169,1214,1259,1303,1348,1371,1393,1416,1438,1461
cascoon,10,22,38,54,69,85,100,116,132,147,162,177,192,206,221,236,251,265,280,295,310,325,339,354,369,384,398,413,428,443,450,458,465,472,480
dustox,15,49,83,117,151,185,218,252,286,320,352,384,416,448,480,512,544,576,608,640,672,704,736,768,801,833,865,897,929,961,977,993,1009,1025,1041
lotad,10,23,39,55,70,86,102,118,134,150,165,180,195,210,225,240,255,270,285,300,315,330,345,360,375,390,405,420,435,451,458,466,473,481,488
lombre,15,48,82,115,148,181,215,248,281,314,346,377,409,440,472,503,535,566,598,629,661,692,724,755,787,818,850,881,913,944,960,976,991,1007,1023
ludicolo,31,98,166,233,300,368,435,502,569,637,700,764,828,891,955,1019,1082,1146,1210,1273,1337,1401,1465,1528,1592,1656,1719,1783,1847,1911,1942,1974,2006,2038,2070
seedot,10,23,39,55,70,86,102,118,134,150,165,180,195,210,225,240,255,270,285,300,315,330,345,360,375,390,405,420,435,451,458,466,473,481,488
nuzleaf,15,49,83,116,150,184,218,251,285,319,351,383,415,446,478,510,542,574,606,638,670,702,734,766,798,830,861,893,925,957,973,989,1005,1021,1037
shiftry,30,96,162,228,294,360,426,492,558,624,687,749,812,874,937,999,1062,1124,1187,1249,1312,1374,1437,1499,1562,1624,1687,1749,1812,1874,1905,1936,1968,1999,2030
taillow,10,28,47,67,86,105,125,144,164,183,201,220,238,256,275,293,311,330,348,366,385,403,421,440,458,477,495,513,532,550,559,568,577,587,596
swellow,24,77,130,182,235,288,341,393,446,499,549,599,649,699,749,798,848,898,948,998,1048,1098,1148,1198,1248,1298,1348,1398,1448,1498,1523,1548,1572,1597,1622
wingull,10,28,47,67,86,105,125,144,164,183,201,220,238,256,275,293,311,330,348,366,385,403,421,440,458,477,495,513,532,550,559,568,577,587,596
pelipper,27,87,146,206,265,325,384,443,503,562,619,675,731,787,844,900,956,1012,1069,1125,1181,1237,1294,1350,1406,1462,1519,1575,1631,1688,1716,1744,1772,1800,1828
ralts,10,19,32,45,58,72,85,98,111,124,137,149,162,174,187,199,212,224,237,249,262,274,287,299,312,324,337,349,362,374,380,386,393,399,405
kirlia,11,37,62,88,113,139,164,190,215,241,265,289,313,337,361,385,409,433,457,481,506,530,554,578,602,626,650,674,698,722,734,747,759,771,783
gardevoir,41,131,220,310,399,489,578,668,757,847,932,1016,1101,1186,1270,1355,1440,1524,1609,1694,1778,1863,1948,2033,2117,2202,2287,2372,2456,2541,2583,2626,2668,2710,2753
surskit,10,30,51,72,93,114,135,156,177,198,218,238,258,278,298,318,337,357,377,397,417,437,457,477,497,516,536,556,576,596,606,616,626,636,646
masquerain,30,94,159,223,288,352,416,481,545,610,671,732,793,854,915,976,1037,1098,1159,1220,1281,1342,1403,1464,1525,1586,1647,1708,1769,1830,1860,1891,1921,1952,1982
shroomish,10,32,53,75,97,119,140,162,184,206,227,247,268,288,309,330,350,371,391,412,433,453,474,495,515,536,557,577,598,618,629,639,649,660,670
breloom,34,106,179,252,324,397,470,542,615,688,756,825,894,963,1032,1100,1169,1238,1307,1375,1444,1513,1582,1651,1720,1788,1857,1926,1995,2064,2098,2132,2167,2201,2236
slakoth,13,41,70,98,127,155,183,212,240,269,296,323,349,376,403,430,457,484,511,538,565,592,619,645,672,699,726,753,780,807,820,834,847,861,874
vigoroth,26,84,141,198,255,313,370,427,484,541,596,650,704,758,812,866,921,975,1029,1083,1137,1192,1246,1300,1354,1408,1462,1517,1571,1625,1652,1679,1706,1733,1760
slaking,64,201,338,476,613,750,888,1025,1162,1300,1430,1559,1689,1819,1949,2079,2209,2339,2469,2599,2729,2859,2989,3119,3249,3379,3509,3639,3769,3899,3964,4029,4094,4159,4224
nincada,10,29,50,70,91,111,131,152,172,192,212,231,250,269,289,308,327,347,366,385,404,424,443,462,482,501,520,539,559,578,588,597,607,617,626
ninjask,24,77,130,183,236,289,342,394,447,500,550,600,650,700,750,800,850,901,951,1001,1051,1101,1151,1201,1251,1301,1351,1401,1451,1501,1526,1551,1576,1601,1626
shedinja,10,18,31,44,56,69,82,95,107,120,132,144,156,168,180,192,204,216,228,240,253,265,277,289,301,313,325,337,349,361,367,373,379,385,391
whismur,10,26,44,63,81,99,117,136,154,172,189,206,224,241,258,275,293,310,327,344,362,379,396,413,430,448,465,482,499,517,525,534,543,551,560
loudred,17,54,91,129,166,203,240,278,315,352,387,422,458,493,528,563,599,634,669,704,740,775,810,845,881,916,951,986,1022,1057,1074,1092,1110,1127,1145
exploud,32,100,168,237,305,374,442,511,579,647,712,777,842,906,971,1036,1101,1165,1230,1295,1360,1425,1489,1554,1619,1684,1749,1813,1878,1943,1975,2008,2040,2072,2105
makuhita,10,33,55,78,100,123,145,168,190,213,234,255,277,298,319,340,362,383,404,426,447,468,490,511,532,554,575,596,617,639,649,660,671,681,692
hariyama,39,122,206,289,373,456,540,623,707,790,869,948,1027,1106,1185,1264,1343,1422,1501,1580,1659,1738,1817,1896,1975,2054,2133,2212,2291,2370,2410,2449,2489,2528,2568
azurill,10,14,23,33,42,52,61,71,80,90,99,108,117,126,135,144,153,162,171,181,190,199,208,217,226,235,244,253,262,271,276,280,285,289,294
nosepass,11,36,61,87,112,137,162,187,212,237,261,285,308,332,356,380,403,427,451,474,498,522,546,569,593,617,641,665,688,712,724,736,748,760,771
skitty,10,29,49,69,88,108,128,148,168,188,207,226,245,263,282,301,320,339,358,376,395,414,433,452,471,490,508,527,546,565,574,584,593,603,612
delcatty,19,61,103,145,186,228,270,312,354,396,435,475,514,554,593,633,673,712,752,791,831,871,910,950,989,1029,1069,1108,1148,1187,1207,1227,1247,1267,1286
sableye,18,57,97,136,176,215,254,294,333,372,410,447,484,522,559,596,633,671,708,745,783,820,857,894,932,969,1006,1044,1081,1118,1137,1155,1174,1193,1211
mawile,21,65,110,155,200,245,289,334,379,424,466,509,551,593,636,678,721,763,805,848,890,933,975,1018,1060,1102,1145,1187,1230,1272,1293,1314,1336,1357,1378
aron,17,54,91,129,166,203,240,277,314,352,387,422,457,492,528,563,598,633,668,704,739,774,809,844,880,915,950,985,1021,1056,1073,1091,1109,1126,1144
lairon,28,88,149,209,270,330,391,451,512,572,630,687,744,802,859,916,973,1031,1088,1145,1202,1260,1317,1374,1432,1489,1546,1603,1661,1718,1747,1775,1804,1833,1861
aggron,42,133,223,314,405,495,586,677,767,858,944,1030,1116,1201,1287,1373,1459,1545,1630,1716,1802,1888,1974,2060,2145,2231,2317,2403,2489,2575,2618,2660,2703,2746,2789
meditite,10,24,41,58,74,91,108,125,142,158,174,190,206,222,238,254,269,285,301,317,333,349,365,381,396,412,428,444,460,476,484,492,500,508,515
medicham,18,56,95,133,172,210,249,287,326,364,400,437,473,510,546,583,619,655,692,728,765,801,838,874,911,947,983,1020,1056,1093,1111,1129,1147,1166,1184
electrike,11,35,60,84,109,133,158,182,207,231,254,277,300,324,347,370,393,416,439,462,486,509,532,555,578,601,625,648,671,694,706,717,729,740,752
manectric,30,94,158,223,287,351,416,480,544,609,669,730,791,852,913,974,1035,1096,1156,1217,1278,1339,1400,1461,1522,1583,1644,1705,1765,1826,1857,1887,1918,1948,1979
plusle,23,74,125,176,226,277,328,378,429,480,528,576,624,672,720,768,816,864,912,960,1008,1056,1104,1152,1200,1248,1296,1344,1392,1440,1464,1489,1513,1537,1561
minun,22,70,118,166,213,261,309,357,405,453,498,543,589,634,679,725,770,815,860,906,951,996,1042,1087,1132,1178,1223,1268,1314,1359,1382,1404,1427,1450,1472
volbeat,22,71,120,169,218,267,316,365,414,463,509,555,602,648,694,740,787,833,879,926,972,1018,1064,1111,1157,1203,1250,1296,1342,1389,1412,1435,1458,1481,1504
illumise,22,71,120,169,218,267,316,365,414,463,509,555,602,648,694,740,787,833,879,926,972,1018,1064,1111,1157,1203,1250,1296,1342,1389,1412,1435,1458,1481,1504
roselia,24,76,128,179,231,283,335,387,439,491,540,589,638,687,736,785,834,883,933,982,1031,1080,1129,1178,1227,1276,1325,1375,1424,1473,1497,1522,1546,1571,1596
gulpin,11,34,58,82,106,130,154,177,201,225,247,270,293,315,338,360,383,405,428,450,473,495,518,540,563,585,608,631,653,676,687,698,709,721,732
swalot,26,83,139,196,252,309,365,422,478,535,588,642,695,749,802,856,909,962,1016,1069,1123,1176,1230,1283,1337,1391,1444,1498,1551,1605,1631,1658,1685,1712,1738
carvanha,12,38,65,91,117,144,170,197,223,250,274,299,324,349,374,399,424,449,474,499,524,549,574,599,624,649,674,699,724,749,762,774,787,799,812
sharpedo,28,88,147,207,267,327,387,447,507,567,624,681,737,794,851,907,964,1021,1078,1134,1191,1248,1305,1361,1418,1475,1532,1588,1645,1702,1730,1759,1787,1815,1844
wailmer,20,63,106,149,192,235,278,321,364,407,447,488,529,570,610,651,692,732,773,814,854,895,936,977,1017,1058,1099,1139,1180,1221,1241,1262,1282,1302,1323
wailord,31,100,168,236,304,372,440,509,577,645,709,774,838,903,967,1032,1096,1161,1225,1290,1354,1419,1483,1548,1613,1677,1742,1806,1871,1935,1967,2000,2032,2064,2096
numel,13,42,71,100,129,158,186,215,244,273,301,328,355,383,410,437,465,492,519,547,574,601,629,656,684,711,738,766,793,820,834,848,861,875,889
camerupt,28,89,150,211,272,332,393,454,515,576,634,691,749,806,864,922,979,1037,1094,1152,1210,1267,1325,1382,1440,1498,1555,1613,1671,1728,1757,1786,1815,1843,1872
torkoal,28,90,151,213,274,336,397,459,520,582,640,698,756,814,873,931,989,1047,1105,1163,1222,1280,1338,1396,1454,1513,1571,1629,1687,1745,1775,1804,1833,1862,1891
spoink,18,56,95,134,173,212,250,289,328,367,403,440,477,514,550,587,624,660,697,734,771,807,844,881,917,954,991,1028,1064,1101,1119,1138,1156,1174,1193
grumpig,32,102,172,241,311,381,451,520,590,660,726,792,858,924,990,1056,1122,1188,1254,1320,1386,1452,1518,1584,1650,1716,1782,1848,1914,1980,2013,2046,2079,2112,2145
spinda,15,48,81,113,146,179,212,245,278,310,342,373,404,435,466,497,528,559,590,621,652,683,715,746,777,808,839,870,901,932,948,963,979,994,1010
trapinch,15,48,81,114,147,180,213,246,279,312,343,374,405,437,468,499,530,561,593,624,655,686,717,749,780,811,842,873,905,936,952,967,983,998,1014
vibrava,15,47,79,111,143,175,208,240,272,304,334,365,395,426,456,487,517,547,578,608,639,669,700,730,761,791,822,852,882,913,928,943,959,974,989
flygon,34,109,183,257,331,405,480,554,628,702,773,843,913,983,1053,1124,1194,1264,1334,1405,1475,1545,1615,1686,1756,1826,1896,1967,2037,2107,2142,2178,2213,2248,2283
cacnea,15,47,80,113,145,178,210,243,276,308,339,370,401,432,463,493,524,555,586,617,648,679,710,740,771,802,833,864,895,926,941,957,972,987,1003
cacturne,29,92,155,219,282,345,408,471,534,598,657,717,777,837,896,956,1016,1076,1135,1195,1255,1315,1374,1434,1494,1554,1614,1673,1733,1793,1823,1853,1883,1913,1942
swablu,10,32,53,75,97,119,141,162,184,206,227,247,268,289,309,330,351,371,392,412,433,454,474,495,516,536,557,578,598,619,629,640,650,660,671
altaria,26,82,139,195,252,308,364,421,477,534,587,640,694,747,801,854,907,961,1014,1067,1121,1174,1228,1281,1335,1388,1441,1495,1548,1602,1628,1655,1682,1708,1735
zangoose,31,98,165,231,298,365,432,499,566,632,696,759,822,885,949,1012,1075,1138,1202,1265,1328,1391,1455,1518,1581,1645,1708,1771,1834,1898,1929,1961,1993,2024,2056
seviper,27,85,143,201,260,318,376,434,492,551,606,661,716,771,826,881,936,991,1046,1101,1157,1212,1267,1322,1377,1432,1487,1542,1597,1653,1680,1708,1735,1763,1790
lunatone,31,99,167,235,302,370,438,506,574,641,705,770,834,898,962,1026,1090,1154,1219,1283,1347,1411,1475,1539,1604,1668,1732,1796,1860,1925,1957,1989,2021,2053,2085
solrock,31,99,167,235,302,370,438,506,574,641,705,770,834,898,962,1026,1090,1154,1219,1283,1347,1411,1475,1539,1604,1668,1732,1796,1860,1925,1957,1989,2021,2053,2085
barboach,10,31,53,74,96,118,139,161,183,204,225,245,266,286,306,327,347,368,388,409,429,450,470,491,511,531,552,572,593,613,624,634,644,654,664
whiscash,28,88,148,208,268,328,388,448,509,569,626,682,739,796,853,910,967,1024,1081,1137,1194,1251,1308,1365,1422,1479,1536,1593,1650,1707,1735,1763,1792,1820,1849
corphish,15,49,82,115,149,182,216,249,283,316,348,379,411,443,474,506,538,569,601,633,664,696,728,759,791,822,854,886,917,949,965,981,997,1012,1028
crawdaunt,32,102,172,242,312,382,452,522,592,662,728,794,861,927,993,1059,1125,1192,1258,1324,1390,1456,1523,1589,1655,1721,1788,1854,1920,1986,2019,2053,2086,2119,2152
baltoy,10,30,50,70,91,111,132,152,172,193,212,232,251,270,290,309,328,348,367,386,406,425,444,464,483,502,522,541,560,580,589,599,609,618,628
claydol,25,79,132,186,240,294,347,401,455,509,560,611,662,712,763,814,865,916,967,1018,1069,1120,1171,1221,1272,1323,1374,1425,1476,1527,1553,1578,1603,1629,1654
lileep,16,52,88,123,159,194,230,266,301,337,371,405,438,472,506,540,573,607,641,675,708,742,776,810,843,877,911,945,978,1012,1029,1046,1063,1080,1096
cradily,29,92,155,217,280,343,406,469,532,594,654,713,773,832,892,951,1011,1070,1130,1189,1248,1308,1367,1427,1486,1546,1605,1665,1724,1784,1814,1843,1873,1903,1933
anorith,18,58,97,137,176,216,255,295,335,374,412,449,486,524,561,599,636,674,711,749,786,823,861,898,936,973,1011,1048,1086,1123,1142,1161,1179,1198,1217
armaldo,37,118,199,280,360,441,522,603,683,764,841,917,993,1070,1146,1223,1299,1375,1452,1528,1605,1681,1758,1834,1911,1987,2064,2140,2216,2293,2331,2369,2408,2446,2484
feebas,10,10,16,23,29,36,43,49,56,63,69,75,81,88,94,100,107,113,119,125,132,138,144,151,157,163,170,176,182,188,192,195,198,201,204
milotic,41,131,221,310,400,489,579,668,758,848,932,1017,1102,1187,1271,1356,1441,1526,1610,1695,1780,1865,1950,2034,2119,2204,2289,2374,2458,2543,2586,2628,2670,2713,2755
castform,21,65,110,155,200,245,290,335,379,424,467,509,552,594,636,679,721,764,806,849,891,934,976,1019,1061,1103,1146,1188,1231,1273,1295,1316,1337,1358,1379
kecleon,27,85,143,201,259,317,375,433,491,549,604,659,714,769,824,879,934,989,1044,1099,1154,1209,1264,1319,1374,1429,1484,1539,1594,1649,1677,1704,1731,1759,1786
shuppet,12,38,65,91,117,144,170,196,223,249,274,299,324,349,374,399,423,448,473,498,523,548,573,598,623,648,673,698,723,748,760,773,785,798,810
banette,29,91,154,217,279,342,404,467,530,592,651,711,770,829,888,948,1007,1066,1125,1184,1244,1303,1362,1422,1481,1540,1599,1659,1718,1777,1807,1836,1866,1896,1925
duskull,10,23,39,54,70,86,102,118,133,149,164,179,194,209,224,239,254,269,284,299,314,329,344,359,374,389,404,419,434,449,456,463,471,478,486
dusclops,18,59,99,139,180,220,260,301,341,381,419,457,496,534,572,610,648,686,724,762,801,839,877,915,953,991,1030,1068,1106,1144,1163,1182,1201,1220,1239
tropius,26,81,137,193,249,304,360,416,472,527,580,633,686,738,791,844,896,949,1002,1055,1107,1160,1213,1266,1319,1371,1424,1477,1530,1582,1609,1635,1662,1688,1714
chimecho,29,92,156,219,282,345,409,472,535,598,658,718,778,838,898,958,1017,1077,1137,1197,1257,1317,1377,1437,1496,1556,1616,1676,1736,1796,1826,1856,1886,1916,1945
absol,32,101,169,238,307,376,445,514,583,651,716,782,847,912,977,1042,1107,1172,1238,1303,1368,1433,1498,1563,1629,1694,1759,1824,1889,1955,1987,2020,2052,2085,2117
wynaut,10,22,37,52,67,83,98,113,128,143,158,172,186,201,215,230,244,258,273,287,301,316,330,345,359,373,388,402,417,431,438,445,452,460,467
snorunt,10,34,57,80,104,127,150,174,197,220,242,264,287,309,331,353,375,397,419,441,463,485,507,529,551,574,596,618,640,662,673,684,695,706,717
glalie,27,86,144,203,262,321,379,438,497,556,611,667,722,778,833,889,945,1000,1056,1111,1167,1222,1278,1334,1389,1445,1500,1556,1612,1667,1695,1723,1751,1778,1806
spheal,12,38,65,91,118,144,171,197,224,250,275,300,325,350,375,400,425,450,475,500,525,550,575,601,626,651,676,701,726,751,763,776,788,801,813
sealeo,22,71,119,168,216,265,313,362,410,459,505,551,597,643,688,734,780,826,872,918,964,1010,1056,1102,1148,1194,1239,1285,1331,1377,1400,1423,1446,1469,1492
walrein,36,115,194,272,351,430,508,587,666,745,819,893,968,1042,1117,1191,1266,1340,1415,1489,1564,1638,1713,1787,1862,1936,2011,2085,2160,2234,2271,2308,2346,2383,2420
clamperl,15,48,81,114,147,180,213,246,278,311,343,374,405,436,467,498,530,561,592,623,654,686,717,748,779,810,841,873,904,935,951,966,982,997,1013
huntail,30,94,159,224,288,353,417,482,547,611,672,733,795,856,917,978,1039,1100,1161,1222,1284,1345,1406,1467,1528,1589,1651,1712,1773,1834,1865,1895,1926,1956,1987
gorebyss,32,101,170,238,307,376,445,514,583,652,717,782,847,912,977,1043,1108,1173,1238,1303,1368,1434,1499,1564,1629,1694,1760,1825,1890,1955,1988,2020,2053,2086,2118
relicanth,36,113,190,267,345,422,499,576,653,731,804,877,950,1023,1096,1169,1242,1315,1388,1461,1534,1607,1680,1753,1827,1900,1973,2046,2119,2192,2229,2265,2302,2338,2375
luvdisc,10,32,54,77,99,121,143,165,188,210,231,252,273,294,315,336,357,378,399,420,441,462,483,504,525,546,567,588,609,630,641,651,662,672,683
bagon,14,46,78,110,142,173,205,237,269,301,331,361,391,421,451,481,511,541,571,601,631,662,692,722,752,782,812,842,872,902,917,932,947,963,978
shelgon,27,86,145,205,264,323,382,441,500,559,615,671,727,783,839,895,951,1007,1063,1119,1175,1231,1287,1343,1399,1455,1511,1567,1623,1679,1707,1735,1763,1791,1819
salamence,49,156,263,369,476,583,689,796,902,1009,1110,1211,1312,1413,1514,1614,1715,1816,1917,2018,2119,2220,2321,2422,2523,2624,2725,2826,2927,3027,3078,3128,3179,3229,3280
beldum,11,37,62,88,113,139,164,190,215,241,265,289,313,337,361,385,409,434,458,482,506,530,554,578,602,626,651,675,699,723,735,747,759,771,783
metang,22,69,117,164,211,259,306,353,401,448,493,538,583,628,673,717,762,807,852,897,942,986,1031,1076,1121,1166,1211,1256,1301,1345,1368,1390,1413,1435,1458
metagross,51,161,271,380,490,600,710,820,929,1039,1143,1247,1351,1455,1559,1663,1766,1870,1974,2078,2182,2286,2390,2494,2598,2702,2806,2910,3014,3118,3170,3222,3274,3325,3377
regirock,43,136,230,323,416,509,602,696,789,882,970,1058,1146,1235,1323,1411,1499,1587,1675,1764,1852,1940,2028,2117,2205,2293,2381,2470,2558,2646,2690,2734,2778,2822,2866
regice,43,136,230,323,416,509,602,696,789,882,970,1058,1146,1235,1323,1411,1499,1587,1675,1764,1852,1940,2028,2117,2205,2293,2381,2470,2558,2646,2690,2734,2778,2822,2866
registeel,31,100,168,236,304,373,441,509,577,646,710,775,839,904,969,1033,1098,1162,1227,1292,1356,1421,1485,1550,1615,1679,1744,1808,1873,1938,1970,2002,2035,2067,2099
latias,47,149,251,353,455,557,659,761,863,965,1061,1158,1254,1351,1447,1544,1640,1737,1833,1929,2026,2123,2219,2316,2412,2509,2605,2702,2798,2895,2943,2991,3039,3088,3136
latios,51,161,271,381,491,601,711,821,931,1041,1145,1249,1354,1458,1562,1666,1770,1874,1978,2082,2186,2291,2395,2499,2603,2707,2811,2916,3020,3124,3176,3228,3280,3332,3384
kyogre,57,180,303,426,549,672,795,918,1041,1164,1280,1397,1513,1630,1746,1862,1979,2095,2211,2328,2444,2561,2677,2794,2910,3027,3143,3259,3376,3492,3551,3609,3667,3725,3783
groudon,57,180,303,426,549,672,795,918,1041,1164,1280,1397,1513,1630,1746,1862,1979,2095,2211,2328,2444,2561,2677,2794,2910,3027,3143,3259,3376,3492,3551,3609,3667,3725,3783
rayquaza,51,161,271,381,491,601,711,821,931,1041,1146,1250,1354,1458,1562,1666,1770,1874,1979,2083,2187,2291,2395,2499,2604,2708,2812,2916,3020,3125,3177,3229,3281,3333,3385
jirachi,43,137,230,323,416,510,603,696,790,883,971,1059,1148,1236,1324,1413,1501,1589,1677,1766,1854,1942,2031,2119,2207,2296,2384,2472,2561,2649,2693,2737,2781,2826,2870
deoxys,38,121,204,287,370,453,536,619,702,785,864,942,1021,1099,1178,1256,1335,1413,1492,1570,1649,1728,1806,1885,1963,2042,2120,2199,2278,2356,2395,2435,2474,2513,2552
